inf 28 37 12 57 53 39 86 19 41 80 12 85 67 61 23 62 47 37 57 52 54 39 28 60 73 64 59 64 80 59 71 43 43 88 42 78 89 45 42
19 inf 80 88 31 68 25 15 44 91 92 66 31 73 59 47 68 73 93 79 26 25 11 17 43 73 81 58 76 91 50 30 69 49 24 42 68 74 47 12
43 51 inf 30 17 100 47 27 67 94 67 83 81 77 44 90 92 45 22 60 40 34 88 70 68 59 96 25 45 15 88 19 54 32 22 91 24 62 64 71
56 77 59 inf 16 80 29 69 47 38 34 44 77 31 41 78 60 89 64 24 59 11 60 19 56 93 90 53 62 35 99 48 81 96 61 34 51 75 80 61
19 94 36 83 inf 55 18 66 81 68 60 26 29 16 28 56 61 50 26 10 72 90 76 61 28 83 38 67 37 76 60 97 87 13 84 59 51 99 69 16
42 11 74 49 94 inf 55 83 61 62 29 56 13 66 57 79 89 46 64 38 99 80 75 18 61 45 81 51 88 100 44 66 92 12 33 81 36 82 72 67
69 63 72 63 32 82 inf 26 55 84 68 57 19 51 55 34 14 67 30 56 72 91 81 93 60 70 54 55 66 50 95 54 40 99 30 33 54 68 45 64
95 58 75 51 31 66 95 inf 31 16 58 58 86 83 15 84 87 95 22 65 49 53 46 24 81 55 14 32 86 73 15 29 60 15 51 62 87 70 88 29
57 72 90 73 99 56 59 77 inf 53 26 44 47 31 12 47 87 55 66 65 65 91 19 15 78 87 71 37 37 71 79 41 17 17 42 66 29 69 88 41
89 18 59 79 15 67 38 58 26 inf 61 20 77 45 48 98 12 24 39 59 18 23 47 37 10 97 87 48 92 78 19 45 29 26 15 34 96 89 90 83
64 87 99 33 79 84 93 14 20 29 inf 84 40 17 57 18 50 61 97 87 22 33 22 19 97 72 35 78 50 85 44 82 48 30 37 80 35 36 40 50
46 32 43 33 63 86 98 33 80 58 84 inf 21 71 45 40 98 92 18 51 63 19 66 26 71 47 81 63 96 36 31 51 62 59 23 76 59 82 30 34
100 36 27 93 72 20 43 55 61 95 58 69 inf 11 23 83 18 45 53 54 51 66 39 79 92 47 48 37 17 68 39 40 31 95 43 64 39 70 47 55
91 33 26 92 50 53 46 23 16 37 75 33 34 inf 89 36 40 61 65 41 99 84 60 50 64 94 32 85 65 76 25 51 45 11 95 23 88 18 57 66
72 30 41 68 87 15 87 15 73 51 40 13 34 13 inf 36 42 72 59 61 89 87 57 41 14 93 47 16 80 89 55 69 50 79 84 95 24 80 58 76
40 89 78 36 67 99 51 91 24 62 47 23 21 76 73 inf 46 88 33 88 64 48 23 29 51 46 97 35 19 61 41 13 72 81 26 82 74 72 78 53
53 85 57 15 72 62 50 97 57 58 86 38 15 84 73 53 inf 57 97 29 27 38 65 67 61 99 97 25 17 44 24 98 21 22 37 14 20 56 71 96
67 98 58 46 82 50 21 39 22 54 54 68 36 66 47 55 82 inf 88 41 76 34 62 44 85 21 11 44 95 46 45 33 12 73 14 37 94 60 40 90
64 76 10 30 77 51 64 56 63 15 66 34 11 23 22 21 37 83 inf 35 79 41 92 71 59 26 84 12 23 77 98 85 18 88 52 79 43 29 78 41
86 40 37 64 12 48 71 48 59 19 30 24 20 63 77 31 27 77 36 inf 34 37 46 65 61 18 35 24 56 98 18 45 55 78 93 25 22 81 73 11
39 32 81 11 90 93 42 28 52 32 82 15 22 90 76 22 71 70 77 38 inf 98 14 70 74 30 10 42 94 66 69 84 45 33 27 68 55 76 69 61
74 37 24 32 78 13 97 90 48 88 10 97 17 96 52 56 33 30 77 47 61 inf 53 65 16 34 27 79 80 72 99 69 51 89 27 83 76 69 46 51
36 52 42 73 47 35 35 13 54 70 74 60 66 68 25 60 98 29 64 78 15 29 inf 11 24 55 50 23 51 72 70 73 31 65 50 89 76 42 44 79
50 77 83 50 46 40 49 24 36 46 99 55 45 20 42 23 39 55 40 72 81 42 46 inf 50 14 86 71 76 58 85 55 39 39 72 68 76 70 68 86
96 57 50 54 51 31 46 17 81 30 56 63 88 88 75 16 22 59 32 68 76 90 71 47 inf 87 25 13 40 45 21 51 50 21 89 56 78 57 40 22
99 43 83 88 51 34 28 63 63 42 39 40 97 30 12 53 61 37 48 78 24 78 99 49 52 inf 30 89 35 13 40 18 37 41 42 99 28 37 11 70
55 56 71 86 96 51 16 59 67 14 67 45 21 62 75 85 15 80 88 96 73 70 11 40 70 16 inf 30 56 48 68 78 62 84 14 77 55 27 15 72
55 37 63 87 39 71 30 74 71 59 93 73 50 13 26 32 36 83 76 55 17 74 28 70 68 70 14 inf 27 61 49 87 12 37 50 66 11 43 33 85
70 93 92 19 44 63 81 35 30 64 16 62 77 35 59 82 52 97 96 13 74 33 41 22 57 83 80 28 inf 25 59 96 42 16 45 98 23 64 57 80
79 72 37 59 54 57 66 69 50 46 17 43 28 12 69 88 36 29 34 83 12 48 85 26 87 93 37 38 62 inf 21 39 17 70 93 87 23 12 52 55
18 37 31 90 45 44 88 80 30 92 65 39 86 54 91 17 62 61 78 36 34 60 71 95 15 21 73 20 61 42 inf 29 32 23 70 36 77 34 15 12
59 93 74 81 12 96 65 79 15 22 91 70 45 10 91 17 32 43 50 43 39 34 43 49 15 48 13 44 44 13 43 inf 37 79 78 63 41 87 100 17
30 49 15 46 31 13 50 17 22 11 94 17 79 25 54 61 87 17 82 12 91 95 55 22 60 26 82 62 45 71 64 31 inf 52 80 88 79 64 18 36
31 75 92 97 69 38 75 33 21 28 39 49 47 75 98 35 82 67 46 45 89 63 79 26 16 81 64 42 87 49 81 12 22 inf 74 58 96 96 92 51
45 86 31 77 77 23 37 50 76 55 51 99 25 86 23 83 94 33 50 34 65 72 94 82 93 32 14 44 72 91 12 35 51 32 inf 80 25 53 38 63
74 13 99 96 44 14 99 78 91 87 18 79 17 99 50 83 28 13 69 68 85 28 63 67 51 86 50 70 43 64 26 17 59 19 72 inf 19 93 29 97
71 58 72 59 19 33 22 51 42 50 27 21 56 30 85 33 33 73 74 32 77 98 48 22 81 20 72 74 89 89 23 65 73 64 99 31 inf 85 90 96
27 39 48 11 15 68 76 28 38 95 20 97 18 92 62 54 79 36 11 34 79 39 47 65 91 22 49 16 51 43 10 69 39 15 48 88 58 inf 19 54
28 37 35 29 40 19 20 66 68 80 69 30 23 34 55 64 67 96 85 75 14 21 23 57 76 66 46 22 97 34 96 58 12 95 42 92 39 12 inf 35
55 11 14 56 22 44 34 54 47 59 18 24 64 81 86 69 34 94 15 77 68 31 68 38 79 20 20 85 59 27 36 48 54 10 65 11 61 83 53 inf